100 3 14
1 0.03 0.01
1 2 3 15 3 4 3 A
2 1 3 15 20 4 3 A
3 1 2 15 5 54 30 A
4 0 1 15 5 6 3 B
5 1 4 150 2 30 3 A
6 1 3 120 2 33 3 B
7 0 2 12 2 5 3 B
8 2 1 12 2 300 3 B
9 0 2 15 5 4 3 D
10 2 2 10 2 45 30 D
11 2 2 150 5 40 3 B
12 1 2 15  2 34 3 D
15 2 4 150 2 35 3 D
13 1 7 15 2 3 30 A
14 1 7 15 4 3 4 C
15 2 3 15 5 4 3 C
16 1 7 15 2 3 3 C
17 0 31 30 3 4 3 A
18 0 23 150 20 4 3 A
19 1 15 150 56 4 3 A
20 0 10 15 5 4 3 A
21 1 40 22 2 38 3 B
22 1 33 12 2 34 3 B
23 0 20 12 2 36 3 B
24 2 11 120 2 37 3 B
25 0 21 150 5 4 3 D
26 2 12 500 2 40 3 D
27 2 9 	154 5 4 3 D
28 1 8 152 2 3 3 D
29 2 10 156 2 3 3 D
30 1 34 700 2 3000 30 C
-1