250 3 21
1 0.03 0.01
1 2 3 15 3 4 6 A
2 0 3 5 5 4 3 A
3 2 2 15 5 4 30 A
4 0 1 5 5 6 9 A
5 2 4 150 2 3 3 A
6 2 3 120 21 3 1 A
7 0 2 12 2 5 3 B
8 2 1 12 7 1 5 B
9 1 2 15 5 4 3 B
10 1 2 10 2 4 30 B
11 2 2 15 51 4 10 B
12 2 2 15 20 4 3 B
15 0 4 50 2 5 3 C
13 0 7 15 2 3 30 C
14 1 7 15 41 3 4 C
15 2 3 15 5 4 3 C
16 2 7 15 2 3 1 C
17 2 1 30 3 4 10 C
18 0 3 50 2 4 3 D
19 0 5 50 5 4 3 D
20 1 1 15 5 4 15 D
21 1 4 22 2 3 3 D
22 2 3 12 21 4 10 D
23 2 2 12 20 3 1 D
24 2 1 12 2 3 3 D
25 0 2 5 5 4 3 A
26 2 1 50 21 4 3 B
27 2 9 14 55 4 3 C
28 1 8 12 22 3 3 D
29 2 1 16 21 3 3 A
30 1 4 70 20 3 30 B
31 2 7 14 5 4 3 C
32 1 6 15 2 3 3 D
33 2 2 15 20 4 3 B
34 0 4 50 2 5 3 C
35 0 7 15 2 3 30 C
36 1 7 15 41 3 4 C
37 1 3 15 5 4 3 C
38 2 7 15 2 3 1 C
39 2 1 30 3 4 10 C
40 0 3 50 2 4 3 D
41 0 5 50 5 4 3 D
42 1 1 15 5 4 15 D
43 1 4 22 2 3 3 D
-1